100 10
76 23 47 59 23 6 7 8 9 10
28 17 51 22 18 6 7 8 9 10
12 24 11 57 87 6 7 8 9 10
65 43 23 45 78 6 7 8 9 10
76 23 47 59 23 6 7 8 9 10
76 23 47 59 23 6 7 8 9 10
76 23 47 59 23 6 7 8 9 10
76 23 47 59 23 6 7 8 9 10
76 23 47 59 23 6 7 8 9 10
10 23 47 59 23 6 7 8 9 10
10 23 47 59 23 6 7 8 9 10
10 23 47 59 23 6 7 8 9 10
10 23 47 59 23 6 7 8 9 10
10 23 47 59 23 6 7 8 9 10
10 23 47 59 23 6 7 8 9 10
10 23 47 59 23 6 7 8 9 10
10 23 47 59 23 6 7 8 9 10
10 23 47 59 23 6 7 8 9 10
10 23 47 59 23 6 7 8 9 10
10 23 47 59 23 6 7 8 9 10
76 23 47 59 23 6 7 8 9 10
28 17 51 22 18 6 7 8 9 10
12 24 11 57 87 6 7 8 9 10
65 43 23 45 78 6 7 8 9 10
76 23 47 59 23 6 7 8 9 10
76 23 47 59 23 6 7 8 9 10
76 23 47 59 23 6 7 8 9 10
76 23 47 59 23 6 7 8 9 10
76 23 47 59 23 6 7 8 9 10
10 23 47 59 23 6 7 8 9 10
10 23 47 59 23 6 7 8 9 10
10 23 47 59 23 6 7 8 9 10
10 23 47 59 23 6 7 8 9 10
10 23 47 59 23 6 7 8 9 10
10 23 47 59 23 6 7 8 9 10
10 23 47 59 23 6 7 8 9 10
10 23 47 59 23 6 7 8 9 10
10 23 47 59 23 6 7 8 9 10
10 23 47 59 23 6 7 8 9 10
10 23 47 59 23 6 7 8 9 10
76 23 47 59 23 6 7 8 9 10
28 17 51 22 18 6 7 8 9 10
12 24 11 57 87 6 7 8 9 10
65 43 23 45 78 6 7 8 9 10
76 23 47 59 23 6 7 8 9 10
76 23 47 59 23 6 7 8 9 10
76 23 47 59 23 6 7 8 9 10
76 23 47 59 23 6 7 8 9 10
76 23 47 59 23 6 7 8 9 10
10 23 47 59 23 6 7 8 9 10
10 23 47 59 23 6 7 8 9 10
10 23 47 59 23 6 7 8 9 10
10 23 47 59 23 6 7 8 9 10
10 23 47 59 23 6 7 8 9 10
10 23 47 59 23 6 7 8 9 10
10 23 47 59 23 6 7 8 9 10
10 23 47 59 23 6 7 8 9 10
10 23 47 59 23 6 7 8 9 10
10 23 47 59 23 6 7 8 9 10
10 23 47 59 23 6 7 8 9 10
76 23 47 59 23 6 7 8 9 10
28 17 51 22 18 6 7 8 9 10
12 24 11 57 87 6 7 8 9 10
65 43 23 45 78 6 7 8 9 10
76 23 47 59 23 6 7 8 9 10
76 23 47 59 23 6 7 8 9 10
76 23 47 59 23 6 7 8 9 10
76 23 47 59 23 6 7 8 9 10
76 23 47 59 23 6 7 8 9 10
10 23 47 59 23 6 7 8 9 10
10 23 47 59 23 6 7 8 9 10
10 23 47 59 23 6 7 8 9 10
10 23 47 59 23 6 7 8 9 10
10 23 47 59 23 6 7 8 9 10
10 23 47 59 23 6 7 8 9 10
10 23 47 59 23 6 7 8 9 10
10 23 47 59 23 6 7 8 9 10
10 23 47 59 23 6 7 8 9 10
10 23 47 59 23 6 7 8 9 10
10 23 47 59 23 6 7 8 9 10
76 23 47 59 23 6 7 8 9 10
28 17 51 22 18 6 7 8 9 10
12 24 11 57 87 6 7 8 9 10
65 43 23 45 78 6 7 8 9 10
76 23 47 59 23 6 7 8 9 10
76 23 47 59 23 6 7 8 9 10
76 23 47 59 23 6 7 8 9 10
76 23 47 59 23 6 7 8 9 10
76 23 47 59 23 6 7 8 9 10
10 23 47 59 23 6 7 8 9 10
10 23 47 59 23 6 7 8 9 10
10 23 47 59 23 6 7 8 9 10
10 23 47 59 23 6 7 8 9 10
10 23 47 59 23 6 7 8 9 10
10 23 47 59 23 6 7 8 9 10
10 23 47 59 23 6 7 8 9 10
10 23 47 59 23 6 7 8 9 10
10 23 47 59 23 6 7 8 9 10
10 23 47 59 23 6 7 8 9 10
100 23 47 59 23 6 7 8 9 10
